
 *******ZLB*******

       4      -2   0.0000000   0.0150000   1.0500000
       2       3   0.0800000   0.3000000   0.2500000
       1       2   0.0400000   0.2500000   0.2500000
       1       3   0.1000000   0.3500000   0.0000000
       5      -3   0.0000000   0.0300000   1.0500000

 *******BUS*******

       1       0   0.0000   0.0000  -1.6000  -0.8000   1.0000
       2       0   0.0000   0.0000  -2.0000  -1.0000   1.0000
       3       0   0.0000   0.0000  -3.7000  -1.3000   1.0000
       4      -1   5.0000   0.0000   0.0000   0.0000   1.0500
       5      -2   0.0000   0.0000   0.0000   0.0000   1.0500

 ******CP******
